66
0 : 34 , 1
0 : 34 , 35
0 : 34 , 3
1 : 2 , 35
2 : 31 , 2
2 : 2 , 2
2 : 37 , 4
2 : 36 , 6
2 : 33 , 8
2 : 38 , 9
2 : 39 , 16
2 : 40 , 20
3 : 31 , 35
3 : 31 , 3
4 : 44 , 5
4 : 44 , 4
5 : 54 , 45
5 : 33 , 45
5 : 25 , 45
6 : 44 , 7
7 : 33 , 45
7 : 52 , 45
8 : 46 , 25
8 : 46 , 54
8 : 46 , 33
9 : 44 , 10
10 : 29 , 11
11 : 45 , 12
12 : 48 , 13
12 : 48 , 14
12 : 48 , 0
13 : 33 , 8
13 : 37 , 4
13 : 36 , 6
14 : 13 , 15
14 : 0 , 15
15 : 49 , 13
15 : 49 , 0
16 : 2 , 17
17 : 50 , 18
18 : 44 , 19
19 : 29 , 45
20 : 44 , 21
21 : 29 , 22
22 : 45 , 23
23 : 51 , 24
23 : 51 , 0
24 : 33 , 8
24 : 37 , 4
24 : 36 , 6
25 : 54 , 28
25 : 33 , 28
25 : 44 , 27
27 : 25 , 45
28 : 41 , 25
28 : 41 , 33
28 : 41 , 54
29 : 33 , 30
29 : 54 , 30
29 : 25 , 30
30 : 47 , 33
30 : 47 , 54
30 : 47 , 25
31 : 42 , 32
32 : 55 , 43
33 : 52 , 53