61
0 -> 32 , 1
0 -> 32 , 33
1 -> 2 , 33
2 -> 2 , 2
2 -> 35 , 3
2 -> 34 , 5
2 -> 31 , 7
2 -> 36 , 8
2 -> 37 , 15
2 -> 38 , 19
3 -> 42 , 4
3 -> 42 , 3
4 -> 53 , 43
4 -> 31  , 43
4 -> 24 , 43
5 -> 42 , 6
6 -> 31  , 43
6 -> 51 ,  43
7 -> 44 , 24
7 -> 44 , 53
7 -> 44 , 31
8 -> 42 , 9
9 -> 27 , 10
10 -> 43 , 11
11 -> 46 , 12
11 -> 46 , 13
11 -> 46 , 0
12 -> 31  , 7
12 -> 35  , 3
12 -> 34  , 5
13 -> 12 , 14
14 -> 48 , 12
14 -> 48 , 0
15 -> 2 , 16
16 -> 49 , 17
17 -> 42 , 18
18 -> 27 , 43
19 -> 42 , 20
20 -> 27 , 21
21 -> 43 , 22
22 -> 50 , 23
22 -> 50 , 0
23 -> 31  , 7
23 -> 35  , 3
23 -> 34  , 5
24 -> 53 , 26
24 -> 31  , 26
24 -> 42 , 25
25 -> 24 , 43
26 -> 39 , 24
26 -> 39 ,  31
26 -> 39 , 53
27 -> 31  , 28
27 -> 53 , 28
27 -> 24 , 28
28 -> 45 , 31
28 -> 45 , 53
28 -> 45 , 24
29 -> 40 , 30
30 -> 54 , 41
31 -> 51 , 52